Wikipedia : 1.0
Citizendium : 1.58153051427
Britannica : 1.48621850339
