[ 0.33333333  0.33333333  0.33333333]
[0.33380142441724237, 0.33356183903148545, 0.33263673655127218]
[0.33380606396952289, 0.33356242210226111, 0.33263151392821605]
[0.33305874026734339, 0.33324619277037981, 0.3336950669622768]
[0.33305364578044178, 0.33324676423527827, 0.33369958998427995]
[0.33401178193636205, 0.33311389564616239, 0.33287432241747567]
[0.33401874818193239, 0.33311084014537712, 0.33287041167269055]
[0.33364378314628579, 0.33234677955376457, 0.33400943729994964]
[ 0.33333333  0.33333333  0.33333333]
[0.33380142441724242, 0.33356183903148551, 0.33263673655127213]
[0.33380606396952295, 0.33356242210226111, 0.33263151392821605]
[0.3330587402673435, 0.33324619277037959, 0.33369506696227691]
[0.33305364578044178, 0.33324676423527821, 0.3336995899842799]
[0.33401178193636177, 0.33311389564616212, 0.33287432241747611]
[0.33401874818193233, 0.33311084014537712, 0.33287041167269055]
[0.33364378314628546, 0.33234677955376474, 0.33400943729994981]
[ 0.33333333  0.33333333  0.33333333]
[0.33380142441724342, 0.33356183903148529, 0.33263673655127135]
[0.33380606396952306, 0.33356242210226078, 0.33263151392821605]
[0.33401647894697178, 0.33311400735314894, 0.33286951369987927]
[ 0.33333333  0.33333333  0.33333333]
[0.33363825555743504, 0.33235033628214605, 0.33401140816041885]
[0.3336437702743551, 0.33233999050389817, 0.33401623922174678]
[0.33380368675165484, 0.33355606628196888, 0.33264024696637629]
[ 0.33333333  0.33333333  0.33333333]
[0.33401358456906127, 0.33311375321537462, 0.33287266221556411]
[0.33401876109007445, 0.33311083503981631, 0.33287040387010919]
[0.33306305322098267, 0.3332407215570739, 0.33369622522194348]
[0, 0, 0]
[ 0.33333333  0.33333333  0.33333333]
[ 0.33333333  0.33333333  0.33333333]
[0.27728226879880624, 0.39527919219523139, 0.32743853900596237]
[0.20110551165248483, 0.24895509131226348, 0.54993939703525163]
[0.20718636178645791, 0.23877286982025572, 0.55404076839328631]
[ 0.33333333  0.33333333  0.33333333]
[0.27728226879880624, 0.39527919219523139, 0.32743853900596237]
[ 0.33333333  0.33333333  0.33333333]
[0.27728226879880624, 0.39527919219523139, 0.32743853900596237]
