Wikipedia : 1.0
Citizendium : 0.392649866459
Britannica : 0.110840255019
random : 0.0244071935229
Wikipedia : 1.0
Citizendium : 0.686452771534
Britannica : 0.108244625393
random : 0.00326330262824
Wikipedia : 1.0
Citizendium : 0.58372159732
Britannica : 0.0552600299142
random : 0.00586455678797
Wikipedia : 1.0
Citizendium : 0.0493238718956
Britannica : 0.158526773375
random : 0.00560132898041
