Wikipedia : 1.0
Citizendium : 0.0628198938212
Britannica : 0.0647024534822
random : 0.0226439241013
Wikipedia : 1.0
Citizendium : 0.501556629662
Britannica : 0.0518278638326
random : 0.00313138616293
Wikipedia : 1.0
Citizendium : 0.698561169612
Britannica : 0.106831579305
random : 0.0173935746792
Wikipedia : 1.0
Citizendium : 0.378984163318
Britannica : 0.0852047659209
random : 0.00843760864829
