Wikipedia : 1.0
Citizendium : 0.393789813535
Britannica : 0.111388904752
random : 0.03232211687
Wikipedia : 1.0
Citizendium : 0.686580558199
Britannica : 0.108275053669
random : 0.00444479251352
Wikipedia : 1.0
Citizendium : 0.583734589114
Britannica : 0.0552600812244
random : 0.000983397472234
Wikipedia : 1.0
Citizendium : 0.0493233588886
Britannica : 0.158525342163
random : 0.00539049004353
