Wikipedia : 1.0
Citizendium : 1.42554803056
Britannica : 1.18088524169
random : 23.5372997401
Wikipedia : 1.0
Citizendium : 1.06248500437
Britannica : 0.939619915575
random : 9.39340457681
Wikipedia : 1.0
Citizendium : 1.15859379097
Britannica : 1.39658860523
random : 1.76367776587
Wikipedia : 1.0
Citizendium : 1.27473967714
Britannica : 2.48242857621
random : 2.17977979907
