Wikipedia : 1.0
Citizendium : 0.0634268501337
Britannica : 0.064750101317
random : 0.0101465342661
Wikipedia : 1.0
Citizendium : 0.50163021951
Britannica : 0.0518322515767
random : 0.00281171748001
Wikipedia : 1.0
Citizendium : 0.698569695672
Britannica : 0.106831876939
random : 0.00580321559707
Wikipedia : 1.0
Citizendium : 0.378995322819
Britannica : 0.0852011696726
random : 0.00304370143818
