Wikipedia : 1.0
Citizendium : 0.0615342513323
Britannica : 0.201497276048
random : 0.000145136676062
Wikipedia : 1.0
Citizendium : 0.502154852265
Britannica : 0.0537547959468
random : 8.59765304047e-08
Wikipedia : 1.0
Citizendium : 0.698628949937
Britannica : 0.10689274046
random : 1.96114265466e-11
Wikipedia : 1.0
Citizendium : 0.379003807739
Britannica : 0.0852044018679
random : 5.66487197447e-15
