Wikipedia : 1.0
Citizendium : 0.061594762301
Britannica : 0.202374263967
random : 0.0309985371614
Wikipedia : 1.0
Citizendium : 0.50216725757
Britannica : 0.0537631138218
random : 0.00299782979651
Wikipedia : 1.0
Citizendium : 0.698629559014
Britannica : 0.106893637036
random : 0.00851515192921
Wikipedia : 1.0
Citizendium : 0.379006899566
Britannica : 0.0852047037009
random : 0.00625461034315
