[ 0.33333333  0.33333333  0.33333333]
[0.33380142441724375, 0.33356183903148534, 0.33263673655127091]
[0.33380606396952478, 0.3335624221022595, 0.33263151392821566]
[0.33402113060486405, 0.33238702486644822, 0.33359184452868773]
[ 0.33333333  0.33333333  0.33333333]
[ 0.25  0.25  0.25]
[ 0.33333333  0.33333333  0.33333333]
[0.33370375903660249, 0.33317119517212512, 0.33312504579127244]
[ 0.33333333  0.33333333  0.33333333]
[0.33380142441724375, 0.33356183903148534, 0.33263673655127091]
[0.33402110102871319, 0.3323870403323429, 0.33359185863894397]
[ 0.33333333  0.33333333  0.33333333]
[ 0.25  0.25  0.25  0.25]
[0.24926335324226023, 0.24959396570298148, 0.24880480522731174, 0.2523378758274466]
[0.24957095509577779, 0.24844377149770253, 0.24962577246840423, 0.25235950093811543]
[0.2491052145516032, 0.24634103013635716, 0.24991273636617503, 0.25464101894586466]
[ 0.25  0.25  0.25  0.25]
[ 0.25  0.25  0.25  0.25]
[0.2477833952188917, 0.24907275319813751, 0.24818515395011845, 0.25495869763285234]
[0.24878001141671729, 0.24790017388779803, 0.24922779474224377, 0.25409201995324099]
[0.24692138696617733, 0.24519083514960249, 0.24905712381741027, 0.25883065406680994]
[ 0.25  0.25  0.25  0.25]
[0.25009743684930891, 0.25004065058756009, 0.24934432977010612, 0.25051758279302483]
[0.25010980596511456, 0.24898168228978096, 0.24995708128745114, 0.25095143045765339]
[0.24975468687359967, 0.24715303800253499, 0.25051500040789398, 0.25257727471597136]
[ 0.25  0.25  0.25  0.25]
[0.25022515437888543, 0.25006290366188255, 0.24932881002433774, 0.25038313193489425]
[0.25011138441106157, 0.24892840907257474, 0.2499332309082799, 0.25102697560808379]
[0.24990583352932955, 0.24699459930302356, 0.25046146239876121, 0.2526381047688856]
