Wikipedia : 1.0
Citizendium : 1.28227446896
Britannica : 2.52181453091
